100,101	16137
100,103	668
100,105	2653
100,107	1122
100,109	37445
100,110	11099
100,112	3535
100,114	30478
100,116	469
100,118	40508
100,121	6597
100,123	3934
100,125	850
100,127	45222
100,129	22912
100,130	1362
100,132	843
100,134	3636
100,136	193
100,138	26015
100,141	2912
100,143	403
100,145	80
100,147	103
100,149	11917
100,150	2378
100,152	25614
100,154	49621
100,156	43188
100,158	1604
100,161	2716
100,163	3829
100,165	8593
100,169	3013
100,170	4422
100,174	6308
100,176	6105
100,178	38604
100,181	1241
100,183	2567
100,185	462
100,187	26412
100,189	34327
100,190	1876
100,192	13903
100,196	30
100,198	489
100,200	1724
100,202	232
100,204	184
100,206	158
100,208	2789
100,211	10543
100,213	14824
100,22	52354
100,24	2149
100,26	8226
100,28	10729
100,31	66
100,33	673
100,35	1778
100,37	900
100,39	476
100,40	218
100,42	38082
100,44	8356
100,46	151
100,48	447
100,51	1581
100,53	320
100,55	687
100,57	417
100,59	2479
100,60	48423
100,62	27247
100,64	24114
100,66	1067
100,68	543
100,71	1654
100,73	197
100,77	29389
100,79	14513
100,80	41
100,82	398
100,84	1816
100,86	3110
100,88	241
100,91	21791
100,93	3023
100,95	25482
100,97	2025
100,99	170
100,none	56182
101,100	16137
101,102	48647
101,104	1699760
101,106	20282
101,108	16468
101,111	26920
101,113	15797
101,115	15287
101,117	5199094
101,119	254582
101,120	67401
101,122	48009
101,124	2798181
101,126	276003
101,128	1190913
101,131	1845110
101,133	1501146
101,135	8242064
101,137	127683
101,139	73680
101,140	153643
101,142	44612
101,144	35017
101,146	880683
101,148	18954
101,151	5733441
101,153	8034246
101,155	1393710
101,157	640494
101,159	138095
101,160	713410
101,162	19005
101,164	257157
101,166	275426
101,168	106532
101,171	12691
101,173	44206
101,175	2581
101,177	2127144
101,179	1060658
101,180	1389629
101,182	113576
101,184	17100
101,186	23595
101,188	3118593
101,191	1380840
101,193	35810
101,195	8097
101,197	425876
101,199	428635
101,201	827370
101,203	1047866
101,205	9189
101,207	406985
101,209	325487
101,210	481439
101,212	556577
101,214	448340
101,23	105695
101,25	9944
101,27	15751
101,29	16761
101,30	3030
101,32	22228
101,34	1037790
101,36	7115
101,38	13927
101,41	16525
101,43	13568
101,45	21730
101,47	62204
101,49	1959349
101,50	1116005
101,52	178473
101,54	1335724
101,56	357971
101,58	209476
101,61	97598
101,63	6599553
101,65	14418
101,67	62489
101,69	26476
101,70	92255
101,72	24133
101,74	6506392
101,76	2346517
101,78	314310
101,81	5812980
101,83	17944
101,85	7589008
101,87	4126
101,89	783370
101,90	110701
101,92	118989
101,94	31282
101,96	33156
101,98	159375
102,101	48647
102,103	7338
102,105	26847
102,107	11460
102,109	83089
102,110	36453
102,112	18377
102,114	49257
102,116	4489
102,118	88540
102,121	2127
102,123	26353
102,125	11151
102,127	107484
102,129	66097
102,130	4026
102,132	8743
102,134	2503
102,136	3370
102,138	36002
102,141	9388
102,143	959
102,145	196
102,147	473
102,149	19051
102,150	14427
102,152	54567
102,154	107250
102,156	104948
102,158	2726
102,161	8047
102,163	9110
102,165	30558
102,169	6325
102,170	5935
102,174	17538
102,176	15605
102,178	81703
102,181	1364
102,183	7337
102,185	4295
102,187	48943
102,189	84659
102,190	12090
102,192	18605
102,196	120
102,198	3085
102,200	3846
102,202	2727
102,204	640
102,206	292
102,208	12095
102,211	18839
102,213	15156
102,22	110958
102,24	8676
102,26	17435
102,28	31580
102,31	1452
102,33	6911
102,35	10846
102,37	3664
102,39	2623
102,40	2637
102,42	82978
102,44	26019
102,46	2651
102,48	8321
102,51	11276
102,53	1963
102,55	6746
102,57	2615
102,59	7480
102,60	110639
102,62	67869
102,64	74407
102,66	9349
102,68	4229
102,71	7216
102,73	681
102,77	83272
102,79	36224
102,80	94
102,82	5004
102,84	23946
102,86	15861
102,88	4644
102,91	94638
102,93	11550
102,95	78456
102,97	40002
102,99	1026
102,none	115025
103,100	668
103,102	7338
103,104	9493
103,106	2385
103,108	846
103,111	2636
103,113	2302
103,115	2022
103,117	12203
103,119	7027
103,120	1598
103,122	1369
103,124	11372
103,126	6326
103,128	9538
103,131	12294
103,133	4568
103,135	13422
103,137	1638
103,139	519
103,140	1191
103,142	614
103,144	245
103,146	1210
103,148	113
103,151	13220
103,153	13439
103,155	2211
103,157	1988
103,159	531
103,160	2354
103,162	1693
103,164	6876
103,166	5835
103,168	1717
103,171	979
103,173	20
103,175	4
103,177	6438
103,179	3350
103,180	811
103,182	234
103,184	734
103,186	1315
103,188	5608
103,191	8710
103,193	1409
103,195	1
103,197	97
103,199	527
103,201	346
103,203	110
103,205	4
103,207	164
103,209	1943
103,210	2639
103,212	2504
103,214	206
103,23	1568
103,25	125
103,27	264
103,29	899
103,30	489
103,32	61
103,34	2320
103,36	626
103,38	950
103,41	683
103,43	670
103,45	677
103,47	2602
103,49	11722
103,50	7268
103,52	3513
103,54	12052
103,56	543
103,58	3049
103,61	2073
103,63	13279
103,65	901
103,67	458
103,69	2013
103,70	955
103,72	723
103,74	13100
103,76	12191
103,78	2940
103,81	12403
103,83	295
103,85	13343
103,87	591
103,89	2102
103,90	6287
103,92	7912
103,94	2859
103,96	1197
103,98	9709
104,101	1699760
104,103	9493
104,105	147874
104,107	41328
104,109	5267022
104,110	271789
104,112	401524
104,114	1137352
104,116	21957
104,118	3618648
104,121	40958
104,123	371785
104,125	20316
104,127	3525542
104,129	1296725
104,130	10233
104,132	57276
104,134	84394
104,136	81742
104,138	740319
104,141	64750
104,143	47131
104,145	22481
104,147	33013
104,149	357840
104,150	64627
104,152	2050262
104,154	5748217
104,156	4912392
104,158	131552
104,161	31423
104,163	72060
104,165	165753
104,169	38487
104,170	49944
104,174	993920
104,176	653019
104,178	4715953
104,181	97233
104,183	394579
104,185	11937
104,187	1079167
104,189	3352012
104,190	199576
104,192	476237
104,196	158958
104,198	384248
104,200	489592
104,202	207819
104,204	173868
104,206	215737
104,208	597387
104,211	640593
104,213	507614
104,22	6146897
104,24	221624
104,26	136029
104,28	462915
104,31	7847
104,33	17067
104,35	38169
104,37	19996
104,39	33233
104,40	18474
104,42	5384949
104,44	329642
104,46	17012
104,48	40795
104,51	112113
104,53	95050
104,55	27538
104,57	31851
104,59	119389
104,60	4977566
104,62	1439648
104,64	1048306
104,66	168408
104,68	6867
104,71	29121
104,73	7887
104,77	2512497
104,79	1796434
104,80	44004
104,82	9389
104,84	221669
104,86	261939
104,88	58437
104,91	1320539
104,93	267360
104,95	1557686
104,97	58047
104,99	18484
104,none	6359649
105,100	2653
105,102	26847
105,104	147874
105,106	24093
105,108	3873
105,111	21360
105,113	11742
105,115	15712
105,117	163443
105,119	41695
105,120	7151
105,122	4960
105,124	127250
105,126	56540
105,128	97942
105,131	158521
105,133	44597
105,135	229960
105,137	7948
105,139	4335
105,140	6731
105,142	2162
105,144	1317
105,146	9015
105,148	759
105,151	195924
105,153	248236
105,155	31848
105,157	22853
105,159	2732
105,160	23161
105,162	8128
105,164	55171
105,166	48058
105,168	9330
105,171	3924
105,173	329
105,175	48
105,177	94415
105,179	40619
105,180	21518
105,182	4139
105,184	3318
105,186	3858
105,188	72622
105,191	79975
105,193	8429
105,195	519
105,197	2849
105,199	4791
105,201	9037
105,203	4508
105,205	1512
105,207	6834
105,209	23131
105,210	27737
105,212	37406
105,214	14803
105,23	6612
105,25	400
105,27	873
105,29	2842
105,30	1314
105,32	292
105,34	18112
105,36	2001
105,38	3633
105,41	2031
105,43	2180
105,45	2954
105,47	14553
105,49	151589
105,50	61515
105,52	23139
105,54	160739
105,56	8333
105,58	24729
105,61	10732
105,63	194977
105,65	4090
105,67	5456
105,69	12189
105,70	9031
105,72	5011
105,74	205670
105,76	148604
105,78	28762
105,81	202721
105,83	1843
105,85	223519
105,87	1735
105,89	14861
105,90	37684
105,92	37375
105,94	10063
105,96	3820
105,98	63167
106,101	20282
106,103	2385
106,105	24093
106,107	13914
106,109	39221
106,110	19258
106,112	13618
106,114	37411
106,116	13628
106,118	37668
106,121	861
106,123	9631
106,125	2178
106,127	51367
106,129	29377
106,130	1905
106,132	3029
106,134	6483
106,136	276
106,138	14078
106,141	1804
106,143	70
106,145	2
106,147	12
106,149	6434
106,150	1915
106,152	25485
106,154	49138
106,156	49442
106,158	698
106,161	3449
106,163	5460
106,165	11931
106,169	3826
106,170	6868
106,174	10924
106,176	11365
106,178	38741
106,181	3105
106,183	5057
106,185	1419
106,187	25561
106,189	34924
106,190	7195
106,192	6200
106,196	62
106,198	123
106,200	107
106,202	133
106,204	174
106,206	905
106,208	3890
106,211	8630
106,213	15871
106,22	50834
106,24	2625
106,26	4317
106,28	17102
106,31	151
106,33	4528
106,35	6538
106,37	3424
106,39	1348
106,40	425
106,42	36240
106,44	14831
106,46	221
106,48	6390
106,51	5247
106,53	2537
106,55	3101
106,57	1657
106,59	2478
106,60	50266
106,62	26519
106,64	32576
106,66	4596
106,68	2469
106,71	6217
106,73	119
106,77	43555
106,79	20515
106,80	88
106,82	1833
106,84	5922
106,86	4395
106,88	1279
106,91	30439
106,93	6054
106,95	42904
106,97	5405
106,99	915
106,none	54596
107,100	1122
107,102	11460
107,104	41328
107,106	13914
107,108	2158
107,111	13139
107,113	5253
107,115	13456
107,117	55003
107,119	19796
107,120	5710
107,122	3182
107,124	45448
107,126	29099
107,128	34924
107,131	51926
107,133	21048
107,135	71428
107,137	5425
107,139	1990
107,140	3142
107,142	1132
107,144	668
107,146	4607
107,148	407
107,151	62627
107,153	71780
107,155	13239
107,157	8271
107,159	1032
107,160	5088
107,162	2703
107,164	20514
107,166	13817
107,168	5254
107,171	3877
107,173	515
107,175	50
107,177	30517
107,179	15741
107,180	8316
107,182	1317
107,184	1731
107,186	2141
107,188	22892
107,191	27820
107,193	4153
107,195	25
107,197	1196
107,199	768
107,201	3794
107,203	1848
107,205	97
107,207	2572
107,209	3180
107,210	5314
107,212	15921
107,214	3613
107,23	4716
107,25	389
107,27	716
107,29	2733
107,30	1310
107,32	164
107,34	6869
107,36	1977
107,38	3442
107,41	1982
107,43	1685
107,45	2181
107,47	7011
107,49	57308
107,50	20987
107,52	12233
107,54	57674
107,56	8537
107,58	13225
107,61	3313
107,63	65184
107,65	2485
107,67	2008
107,69	8820
107,70	5411
107,72	3511
107,74	67504
107,76	48380
107,78	13065
107,81	62467
107,83	1529
107,85	70805
107,87	1495
107,89	6637
107,90	9734
107,92	21042
107,94	10258
107,96	2483
107,98	27130
108,101	16468
108,103	846
108,105	3873
108,107	2158
108,109	34440
108,110	6049
108,112	4869
108,114	16970
108,116	1718
108,118	42341
108,121	1335
108,123	8708
108,125	3852
108,127	40220
108,129	19620
108,130	741
108,132	1277
108,134	854
108,136	1750
108,138	19094
108,141	3333
108,143	947
108,145	398
108,147	663
108,149	6488
108,150	3673
108,152	25988
108,154	47332
108,156	45101
108,158	1994
108,161	2564
108,163	4134
108,165	8220
108,169	2469
108,170	2241
108,174	17228
108,176	8765
108,178	41378
108,181	1057
108,183	5367
108,185	4226
108,187	24214
108,189	40283
108,190	4222
108,192	9855
108,196	278
108,198	1775
108,200	3813
108,202	1572
108,204	938
108,206	454
108,208	3850
108,211	6847
108,213	6522
108,22	49031
108,24	4852
108,26	3864
108,28	19238
108,31	684
108,33	1716
108,35	3732
108,37	1321
108,39	1008
108,40	1203
108,42	35754
108,44	10850
108,46	929
108,48	2447
108,51	5818
108,53	751
108,55	1049
108,57	1468
108,59	3110
108,60	46099
108,62	30451
108,64	23010
108,66	1444
108,68	981
108,71	2776
108,73	1292
108,77	31901
108,79	15050
108,80	186
108,82	2769
108,84	7305
108,86	4936
108,88	1795
108,91	34449
108,93	13556
108,95	19917
108,97	3018
108,99	456
108,none	51001
109,100	37445
109,102	83089
109,104	5267022
109,106	39221
109,108	34440
109,111	45834
109,113	42223
109,115	27781
109,117	10078919
109,119	580715
109,120	113372
109,122	105309
109,124	7036992
109,126	504064
109,128	2898174
109,131	4903811
109,133	4314254
109,135	15090856
109,137	303911
109,139	257642
109,140	364570
109,142	101648
109,144	78974
109,146	1989150
109,148	63956
109,151	11320684
109,153	15218909
109,155	2483314
109,157	2498403
109,159	313213
109,160	1459943
109,162	50676
109,164	601444
109,166	677675
109,168	253177
109,171	31592
109,173	176464
109,175	12536
109,177	3874514
109,179	2836581
109,180	2759595
109,182	229823
109,184	33543
109,186	49364
109,188	5723638
109,191	2577230
109,193	82306
109,195	21177
109,197	1042355
109,199	949007
109,201	1189713
109,203	1056494
109,205	48720
109,207	1265607
109,209	934564
109,210	1080333
109,212	796536
109,214	1039988
109,23	229834
109,25	25757
109,27	32093
109,29	43502
109,30	3906
109,32	51092
109,34	2459718
109,36	14142
109,38	32243
109,41	43591
109,43	25113
109,45	42136
109,47	138952
109,49	3351639
109,50	2784463
109,52	506090
109,54	2313481
109,56	728766
109,58	538162
109,61	214947
109,63	13086719
109,65	46588
109,67	153852
109,69	48836
109,70	219380
109,72	46091
109,74	13444227
109,76	5387279
109,78	622006
109,81	11763522
109,83	33346
109,85	14405949
109,87	11519
109,89	1675929
109,90	194824
109,92	238425
109,94	100643
109,96	64326
109,98	321934
110,100	11099
110,102	36453
110,104	271789
110,106	19258
110,108	6049
110,111	67098
110,113	9693
110,115	19739
110,117	657934
110,119	138295
110,120	24695
110,122	21022
110,124	523802
110,126	110100
110,128	321409
110,131	493997
110,133	201904
110,135	837041
110,137	29729
110,139	17057
110,140	35460
110,142	14298
110,144	5762
110,146	101162
110,148	2736
110,151	751696
110,153	839939
110,155	109680
110,157	80544
110,159	26592
110,160	103803
110,162	15499
110,164	114986
110,166	102611
110,168	26104
110,171	9462
110,173	2387
110,175	51
110,177	248272
110,179	151529
110,180	65540
110,182	10393
110,184	6240
110,186	11284
110,188	289217
110,191	313155
110,193	23437
110,195	382
110,197	38720
110,199	53377
110,201	72737
110,203	24211
110,205	885
110,207	32373
110,209	81682
110,210	107461
110,212	83600
110,214	19238
110,23	34997
110,25	3841
110,27	3706
110,29	6945
110,30	1771
110,32	4999
110,34	193832
110,36	5602
110,38	20457
110,41	5782
110,43	6556
110,45	6880
110,47	47983
110,49	489816
110,50	222254
110,52	80974
110,54	505954
110,56	57931
110,58	86586
110,61	22828
110,63	780682
110,65	8677
110,67	19629
110,69	25055
110,70	27207
110,72	10371
110,74	744058
110,76	574004
110,78	61106
110,81	695288
110,83	5640
110,85	812656
110,87	4812
110,89	130498
110,90	51720
110,92	88631
110,94	34308
110,96	14957
110,98	128693
111,101	26920
111,103	2636
111,105	21360
111,107	13139
111,109	45834
111,110	67098
111,112	16447
111,114	40170
111,116	8145
111,118	45613
111,121	1747
111,123	13724
111,125	1585
111,127	63727
111,129	36934
111,130	1901
111,132	3324
111,134	3658
111,136	628
111,138	17323
111,141	1665
111,143	203
111,145	90
111,147	528
111,149	9927
111,150	1573
111,152	27833
111,154	61144
111,156	63112
111,158	1145
111,161	2340
111,163	2804
111,165	6267
111,169	2931
111,170	2252
111,174	4100
111,176	8094
111,178	43621
111,181	876
111,183	3860
111,185	853
111,187	22799
111,189	46347
111,190	5694
111,192	10602
111,196	133
111,198	1400
111,200	2315
111,202	2151
111,204	464
111,206	301
111,208	3711
111,211	16785
111,213	13965
111,22	64232
111,24	2254
111,26	6472
111,28	19009
111,31	214
111,33	4701
111,35	3968
111,37	2270
111,39	1539
111,40	400
111,42	40621
111,44	11091
111,46	374
111,48	7502
111,51	4036
111,53	4350
111,55	4535
111,57	3095
111,59	4738
111,60	62231
111,62	29829
111,64	39638
111,66	6397
111,68	2465
111,71	4038
111,73	128
111,77	56715
111,79	18664
111,80	91
111,82	839
111,84	6748
111,86	8023
111,88	1964
111,91	33140
111,93	3144
111,95	50376
111,97	4836
111,99	601
111,none	71159
112,100	3535
112,102	18377
112,104	401524
112,106	13618
112,108	4869
112,111	16447
112,113	7366
112,115	9590
112,117	1301369
112,119	104192
112,120	25302
112,122	15060
112,124	700756
112,126	83939
112,128	272662
112,131	591880
112,133	264244
112,135	2056678
112,137	103498
112,139	19881
112,140	46719
112,142	10878
112,144	7405
112,146	210971
112,148	3559
112,151	1519207
112,153	2009580
112,155	263990
112,157	170939
112,159	36494
112,160	182821
112,162	5297
112,164	68983
112,166	53926
112,168	28497
112,171	5465
112,173	7150
112,175	625
112,177	350791
112,179	217834
112,180	144664
112,182	26606
112,184	4109
112,186	9111
112,188	649388
112,191	439387
112,193	6992
112,195	1129
112,197	128844
112,199	96347
112,201	216913
112,203	409461
112,205	1670
112,207	98696
112,209	54439
112,210	78985
112,212	115206
112,214	75666
112,23	35740
112,25	2267
112,27	5844
112,29	5110
112,30	2281
112,32	6108
112,34	293985
112,36	4207
112,38	8562
112,41	4570
112,43	6309
112,45	6956
112,47	26701
112,49	732291
112,50	319633
112,52	87915
112,54	650271
112,56	122572
112,58	92768
112,61	22895
112,63	1652067
112,65	5149
112,67	16176
112,69	14894
112,70	13398
112,72	4625
112,74	1506231
112,76	717199
112,78	42797
112,81	1532121
112,83	6849
112,85	1869236
112,87	2433
112,89	237826
112,90	30943
112,92	52479
112,94	18798
112,96	10496
112,98	71968
113,101	15797
113,103	2302
113,105	11742
113,107	5253
113,109	42223
113,110	9693
113,112	7366
113,114	22453
113,116	2321
113,118	27188
113,121	1109
113,123	5481
113,125	1315
113,127	38352
113,129	21749
113,130	2049
113,132	605
113,134	2201
113,136	744
113,138	9004
113,141	1697
113,143	102
113,145	9
113,147	22
113,149	5688
113,150	574
113,152	17901
113,154	48945
113,156	27746
113,158	622
113,161	1018
113,163	595
113,165	2771
113,169	1487
113,170	955
113,174	6096
113,176	6078
113,178	35273
113,181	1910
113,183	2480
113,185	183
113,187	7016
113,189	21974
113,190	2399
113,192	10804
113,196	419
113,198	13341
113,200	2047
113,202	876
113,204	2203
113,206	645
113,208	17010
113,211	4104
113,213	4390
113,22	47309
113,24	1140
113,26	3154
113,28	6574
113,31	193
113,33	1769
113,35	850
113,37	844
113,39	362
113,40	308
113,42	39428
113,44	3480
113,46	240
113,48	1864
113,51	1172
113,53	942
113,55	4630
113,57	447
113,59	1068
113,60	41618
113,62	6808
113,64	17743
113,66	1142
113,68	1267
113,71	445
113,73	90
113,77	21556
113,79	11071
113,80	316
113,82	262
113,84	3645
113,86	3642
113,88	1391
113,91	17043
113,93	2065
113,95	37575
113,97	1595
113,99	269
113,none	63861
114,100	30478
114,102	49257
114,104	1137352
114,106	37411
114,108	16970
114,111	40170
114,113	22453
114,115	26586
114,117	2464773
114,119	295114
114,120	60094
114,122	48864
114,124	1756970
114,126	403748
114,128	862655
114,131	1354929
114,133	719645
114,135	4038154
114,137	69541
114,139	41449
114,140	84088
114,142	31620
114,144	18069
114,146	327864
114,148	10734
114,151	3062427
114,153	3958015
114,155	488436
114,157	524188
114,159	110447
114,160	413495
114,162	29684
114,164	326241
114,166	283349
114,168	84877
114,171	21980
114,173	17088
114,175	669
114,177	1043182
114,179	528049
114,180	645360
114,182	57049
114,184	17555
114,186	21291
114,188	1174598
114,191	871640
114,193	55848
114,195	1588
114,197	119156
114,199	197845
114,201	227853
114,203	392272
114,205	4667
114,207	134158
114,209	226605
114,210	330595
114,212	406398
114,214	286136
114,23	86285
114,25	9035
114,27	8356
114,29	13132
114,30	3160
114,32	25606
114,34	533856
114,36	6807
114,38	20488
114,41	11763
114,43	12695
114,45	21545
114,47	51447
114,49	1192414
114,50	583151
114,52	119359
114,54	1049871
114,56	142851
114,58	116700
114,61	66490
114,63	3229426
114,65	21675
114,67	55863
114,69	35085
114,70	146791
114,72	46073
114,74	3080682
114,76	1482126
114,78	326366
114,81	2935598
114,83	14275
114,85	3689344
114,87	6109
114,89	353832
114,90	113077
114,92	143087
114,94	50649
114,96	31267
114,98	190595
115,101	15287
115,103	2022
115,105	15712
115,107	13456
115,109	27781
115,110	19739
115,112	9590
115,114	26586
115,116	13354
115,118	28234
115,121	1472
115,123	12751
115,125	3619
115,127	32463
115,129	21004
115,130	2320
115,132	2451
115,134	3673
115,136	2945
115,138	13937
115,141	3857
115,143	774
115,145	152
115,147	404
115,149	8155
115,150	3064
115,152	22095
115,154	32809
115,156	32936
115,158	747
115,161	3274
115,163	3377
115,165	8029
115,169	3393
115,170	2554
115,174	5682
115,176	7531
115,178	27083
115,181	2735
115,183	4430
115,185	1830
115,187	18987
115,189	25337
115,190	8432
115,192	6899
115,196	1099
115,198	884
115,200	828
115,202	538
115,204	456
115,206	939
115,208	2234
115,211	4941
115,213	10309
115,22	33293
115,24	4137
115,26	5933
115,28	13620
115,31	983
115,33	5053
115,35	5541
115,37	2641
115,39	1287
115,40	1527
115,42	25441
115,44	11998
115,46	1020
115,48	6065
115,51	2872
115,53	1994
115,55	3422
115,57	2188
115,59	2499
115,60	29807
115,62	17080
115,64	20602
115,66	4586
115,68	2595
115,71	4549
115,73	470
115,77	29347
115,79	12489
115,80	1873
115,82	2682
115,84	8639
115,86	7348
115,88	4143
115,91	22821
115,93	4522
115,95	28416
115,97	4394
115,99	1507
115,none	35137
116,100	469
116,102	4489
116,104	21957
116,106	13628
116,108	1718
116,111	8145
116,113	2321
116,115	13354
116,117	39650
116,119	7650
116,120	2595
116,122	1338
116,124	28070
116,126	18563
116,128	20495
116,131	31716
116,133	10246
116,135	59834
116,137	3341
116,139	498
116,140	1117
116,142	418
116,144	255
116,146	5120
116,148	183
116,151	47550
116,153	60138
116,155	8361
116,157	7046
116,159	244
116,160	2012
116,162	1620
116,164	11958
116,166	9662
116,168	4879
116,171	1022
116,173	153
116,175	25
116,177	29968
116,179	8342
116,180	9947
116,182	611
116,184	1159
116,186	730
116,188	19234
116,191	15892
116,193	2107
116,195	110
116,197	2386
116,199	778
116,201	1009
116,203	2130
116,205	68
116,207	804
116,209	1725
116,210	2723
116,212	8038
116,214	5571
116,23	2306
116,25	131
116,27	187
116,29	1073
116,30	734
116,32	18
116,34	4879
116,36	549
116,38	610
116,41	726
116,43	774
116,45	1282
116,47	1932
116,49	28641
116,50	12703
116,52	3333
116,54	31022
116,56	1847
116,58	3094
116,61	1892
116,63	50893
116,65	1288
116,67	4589
116,69	3985
116,70	3734
116,72	2511
116,74	52082
116,76	32060
116,78	11797
116,81	44865
116,83	1577
116,85	58192
116,87	367
116,89	4862
116,90	5778
116,92	6698
116,94	1709
116,96	859
116,98	12523
117,101	5199094
117,103	12203
117,105	163443
117,107	55003
117,109	10078919
117,110	657934
117,112	1301369
117,114	2464773
117,116	39650
117,118	9414126
117,121	77545
117,123	1244304
117,125	48386
117,127	10152862
117,129	3058109
117,130	15782
117,132	130915
117,134	225363
117,136	418198
117,138	2140447
117,141	131373
117,143	112777
117,145	59039
117,147	106235
117,149	842385
117,150	133415
117,152	6965744
117,154	15382666
117,156	13808231
117,158	396919
117,161	50880
117,163	114076
117,165	334586
117,169	92026
117,170	107550
117,174	2700136
117,176	2140699
117,178	12414960
117,181	407500
117,183	1498301
117,185	19529
117,187	2795519
117,189	10362352
117,190	790652
117,192	1118944
117,196	877848
117,198	1042106
117,200	1643546
117,202	818297
117,204	532072
117,206	571899
117,208	1203434
117,211	1276299
117,213	990837
117,22	15954452
117,24	648854
117,26	291380
117,28	1533028
117,31	20804
117,33	43395
117,35	69265
117,37	44071
117,39	92237
117,40	53812
117,42	10994902
117,44	624696
117,46	37315
117,48	136679
117,51	278256
117,53	481782
117,55	64991
117,57	97381
117,59	210503
117,60	13189411
117,62	3422360
117,64	3356589
117,66	290687
117,68	10208
117,71	52198
117,73	18287
117,77	7048402
117,79	5697054
117,80	283750
117,82	20592
117,84	703848
117,86	942545
117,88	331989
117,91	3632567
117,93	1582506
117,95	4020444
117,97	105235
117,99	82766
117,none	17360441
118,100	40508
118,102	88540
118,104	3618648
118,106	37668
118,108	42341
118,111	45613
118,113	27188
118,115	28234
118,117	9414126
118,119	708771
118,120	142199
118,122	130673
118,124	7677720
118,126	495551
118,128	2857048
118,131	4264721
118,133	3162572
118,135	12493342
118,137	267275
118,139	228630
118,140	415788
118,142	124151
118,144	83636
118,146	1993931
118,148	68753
118,151	10704996
118,153	12511575
118,155	772241
118,157	2900989
118,159	439339
118,160	1771203
118,162	64716
118,164	622181
118,166	752755
118,168	343365
118,171	33853
118,173	137242
118,175	11394
118,177	3457130
118,179	2393478
118,180	2255599
118,182	242283
118,184	28940
118,186	58059
118,188	4705477
118,191	3591268
118,193	105576
118,195	15965
118,197	655400
118,199	1124932
118,201	1309866
118,203	865287
118,205	27703
118,207	682966
118,209	887092
118,210	1009822
118,212	644225
118,214	535092
118,23	311734
118,25	30236
118,27	33170
118,29	47564
118,30	3905
118,32	64659
118,34	2447391
118,36	13731
118,38	33647
118,41	47613
118,43	28677
118,45	47489
118,47	150929
118,49	3480310
118,50	2620868
118,52	319565
118,54	2206317
118,56	762282
118,58	421835
118,61	250196
118,63	11818521
118,65	47753
118,67	149226
118,69	46981
118,70	244320
118,72	52748
118,74	11913816
118,76	5382706
118,78	619458
118,81	10639557
118,83	33937
118,85	12332063
118,87	13520
118,89	1892890
118,90	229921
118,92	275204
118,94	98199
118,96	83156
118,98	313418
119,101	254582
119,103	7027
119,105	41695
119,107	19796
119,109	580715
119,110	138295
119,112	104192
119,114	295114
119,116	7650
119,118	708771
119,121	40543
119,123	177006
119,125	11922
119,127	688733
119,129	422215
119,130	10330
119,132	13774
119,134	41093
119,136	53904
119,138	419458
119,141	57157
119,143	35836
119,145	11587
119,147	15771
119,149	204552
119,150	44339
119,152	437163
119,154	792491
119,156	724985
119,158	59264
119,161	16147
119,163	20176
119,165	65041
119,169	24381
119,170	30280
119,174	122272
119,176	99067
119,178	629876
119,181	29488
119,183	74108
119,185	5577
119,187	421387
119,189	623212
119,190	63131
119,192	233395
119,196	12319
119,198	70628
119,200	101507
119,202	23100
119,204	11980
119,206	12083
119,208	49543
119,211	61525
119,213	68167
119,22	791905
119,24	78469
119,26	127142
119,28	205668
119,31	9189
119,33	14115
119,35	23867
119,37	9758
119,39	8234
119,40	18728
119,42	606516
119,44	147956
119,46	14075
119,48	20933
119,51	27239
119,53	23212
119,55	20138
119,57	16508
119,59	33877
119,60	764426
119,62	355317
119,64	299610
119,66	21509
119,68	5615
119,71	12437
119,73	7711
119,77	590825
119,79	319271
119,80	6826
119,82	6339
119,84	91721
119,86	122567
119,88	38274
119,91	386822
119,93	82070
119,95	427212
119,97	18564
119,99	6524
119,none	853761
120,101	67401
120,103	1598
120,105	7151
120,107	5710
120,109	113372
120,110	24695
120,112	25302
120,114	60094
120,116	2595
120,118	142199
120,121	15898
120,123	76027
120,125	3260
120,127	127792
120,129	80501
120,130	2152
120,132	2646
120,134	1541
120,136	10609
120,138	95025
120,141	17039
120,143	17358
120,145	10710
120,147	22341
120,149	57590
120,150	12803
120,152	93668
120,154	149277
120,156	145503
120,158	23366
120,161	2728
120,163	3442
120,165	6772
120,169	3289
120,170	1198
120,174	11457
120,176	14014
120,178	121770
120,181	1162
120,183	12362
120,185	5535
120,187	100662
120,189	135345
120,190	6691
120,192	48702
120,196	328
120,198	7655
120,200	40318
120,202	14605
120,204	2876
120,206	255
120,208	1593
120,211	5603
120,213	10837
120,22	152395
120,24	17573
120,26	39203
120,28	55843
120,31	2948
120,33	6224
120,35	12931
120,37	4057
120,39	3014
120,40	4266
120,42	118919
120,44	52977
120,46	3875
120,48	9212
120,51	4785
120,53	3990
120,55	3846
120,57	10962
120,59	11659
120,60	146135
120,62	96784
120,64	56138
120,66	2426
120,68	2004
120,71	4934
120,73	3521
120,77	120847
120,79	31416
120,80	303
120,82	2603
120,84	30438
120,86	36564
120,88	13334
120,91	79269
120,93	24434
120,95	66368
120,97	3927
120,99	663
120,none	157195
121,100	6597
121,102	2127
121,104	40958
121,106	861
121,108	1335
121,111	1747
121,113	1109
121,115	1472
121,117	77545
121,119	40543
121,120	15898
121,122	10627
121,124	77312
121,126	9617
121,128	41864
121,131	63552
121,133	18082
121,135	77797
121,137	1701
121,139	567
121,140	14641
121,142	10089
121,144	3820
121,146	31515
121,148	164
121,151	77604
121,153	77818
121,155	10088
121,157	11314
121,159	21841
121,160	30242
121,162	2175
121,164	13852
121,166	8910
121,168	13410
121,171	1195
121,173	40
121,175	3
121,177	16348
121,179	14605
121,180	4083
121,182	2212
121,184	755
121,186	4578
121,188	25113
121,191	75466
121,193	5617
121,195	14
121,197	992
121,199	18685
121,201	9592
121,203	646
121,205	8
121,207	352
121,209	6903
121,210	8826
121,212	2083
121,214	271
121,23	14610
121,25	790
121,27	1018
121,29	826
121,30	93
121,32	4928
121,34	47390
121,36	427
121,38	772
121,41	782
121,43	3825
121,45	1445
121,47	3569
121,49	44938
121,50	20786
121,52	4031
121,54	41401
121,56	10643
121,58	5835
121,61	5570
121,63	77815
121,65	1582
121,67	2097
121,69	747
121,70	1022
121,72	388
121,74	77355
121,76	76823
121,78	4151
121,81	74919
121,83	951
121,85	76219
121,87	355
121,89	47899
121,90	4110
121,92	12667
121,94	4190
121,96	17200
121,98	9593
122,101	48009
122,103	1369
122,105	4960
122,107	3182
122,109	105309
122,110	21022
122,112	15060
122,114	48864
122,116	1338
122,118	130673
122,121	10627
122,123	71295
122,125	4238
122,127	116387
122,129	71990
122,130	2235
122,132	2913
122,134	2874
122,136	12775
122,138	69326
122,141	15333
122,143	22217
122,145	5815
122,147	9448
122,149	49848
122,150	11791
122,152	87808
122,154	133560
122,156	127653
122,158	23032
122,161	3769
122,163	4336
122,165	10089
122,169	4075
122,170	2878
122,174	16584
122,176	13364
122,178	111691
122,181	2107
122,183	12530
122,185	3062
122,187	91405
122,189	122276
122,190	12042
122,192	40897
122,196	645
122,198	14643
122,200	25021
122,202	5344
122,204	1386
122,206	152
122,208	5110
122,211	5713
122,213	3663
122,22	136191
122,24	22682
122,26	34460
122,28	56181
122,31	3557
122,33	5387
122,35	11040
122,37	2934
122,39	2323
122,40	5064
122,42	109035
122,44	50629
122,46	5617
122,48	5531
122,51	4991
122,53	2795
122,55	3361
122,57	6836
122,59	7081
122,60	133818
122,62	81454
122,64	44788
122,66	1824
122,68	2195
122,71	4568
122,73	4521
122,77	104824
122,79	49004
122,80	716
122,82	2664
122,84	25889
122,86	45277
122,88	16451
122,91	76995
122,93	18821
122,95	56000
122,97	3780
122,99	814
122,none	137952
123,100	3934
123,102	26353
123,104	371785
123,106	9631
123,108	8708
123,111	13724
123,113	5481
123,115	12751
123,117	1244304
123,119	177006
123,120	76027
123,122	71295
123,124	841565
123,126	139124
123,128	438915
123,131	588988
123,133	282402
123,135	1459534
123,137	38732
123,139	28917
123,140	86033
123,142	44444
123,144	13718
123,146	416422
123,148	11515
123,151	1184369
123,153	1444923
123,155	185176
123,157	136901
123,159	152616
123,160	386633
123,162	9898
123,164	67991
123,166	74884
123,168	54319
123,171	5237
123,173	4764
123,175	202
123,177	274575
123,179	258627
123,180	283902
123,182	42056
123,184	3918
123,186	26625
123,188	509437
123,191	686559
123,193	15794
123,195	1492
123,197	84392
123,199	253523
123,201	184160
123,203	177213
123,205	1701
123,207	33596
123,209	60038
123,210	70533
123,212	54859
123,214	34191
123,23	116966
123,25	11645
123,27	9585
123,29	18661
123,30	2188
123,32	33349
123,34	551910
123,36	6290
123,38	16284
123,41	17814
123,43	15822
123,45	15102
123,47	35477
123,49	580072
123,50	405691
123,52	38877
123,54	437470
123,56	104851
123,58	51852
123,61	33203
123,63	1267323
123,65	7234
123,67	13016
123,69	16238
123,70	29594
123,72	15929
123,74	1229893
123,76	695743
123,78	106349
123,81	1228204
123,83	7204
123,85	1390443
123,87	7869
123,89	382029
123,90	49092
123,92	121165
123,94	17614
123,96	32599
123,98	57843
124,101	2798181
124,103	11372
124,105	127250
124,107	45448
124,109	7036992
124,110	523802
124,112	700756
124,114	1756970
124,116	28070
124,118	7677720
124,121	77312
124,123	841565
124,125	45699
124,127	6466886
124,129	2521004
124,130	15092
124,132	104957
124,134	253501
124,136	250096
124,138	1591855
124,141	117524
124,143	101657
124,145	45247
124,147	72954
124,149	735307
124,150	107605
124,152	7074717
124,154	9499737
124,156	9179270
124,158	271738
124,161	50373
124,163	100162
124,165	317300
124,169	86346
124,170	109505
124,174	2358701
124,176	1441522
124,178	9529187
124,181	305374
124,183	1037419
124,185	16482
124,187	2360147
124,189	5908154
124,190	605787
124,192	1031026
124,196	320432
124,198	877951
124,200	880960
124,202	328891
124,204	233597
124,206	427267
124,208	1207175
124,211	802809
124,213	477332
124,22	10822053
124,24	578991
124,26	264848
124,28	1137908
124,31	20058
124,33	33081
124,35	53813
124,37	37819
124,39	62790
124,40	50095
124,42	7334058
124,44	542016
124,46	36004
124,48	97428
124,51	239759
124,53	293469
124,55	53261
124,57	65769
124,59	167365
124,60	9382096
124,62	2528332
124,64	2500150
124,66	196937
124,68	9185
124,71	41607
124,73	16752
124,77	5319617
124,79	4555886
124,80	115334
124,82	20025
124,84	552589
124,86	702949
124,88	191090
124,91	3125912
124,93	1363083
124,95	2918012
124,97	87033
124,99	49952
124,none	11258712
125,100	850
125,102	11151
125,104	20316
125,106	2178
125,108	3852
125,111	1585
125,113	1315
125,115	3619
125,117	48386
125,119	11922
125,120	3260
125,122	4238
125,124	45699
125,126	13066
125,128	41769
125,131	34427
125,133	29338
125,135	52252
125,137	16012
125,139	8423
125,140	5601
125,142	2312
125,144	878
125,146	5613
125,148	4795
125,151	46680
125,153	52004
125,155	8084
125,157	5969
125,159	1085
125,160	2919
125,162	5076
125,164	13680
125,166	20813
125,168	16258
125,171	1571
125,173	2578
125,175	427
125,177	30686
125,179	27607
125,180	21335
125,182	730
125,184	3248
125,186	5261
125,188	39313
125,191	21305
125,193	2099
125,195	23
125,197	1676
125,199	1462
125,201	826
125,203	792
125,205	110
125,207	6753
125,209	10972
125,210	7116
125,212	3592
125,214	2551
125,23	5527
125,25	1092
125,27	289
125,29	3791
125,30	697
125,32	13
125,34	7389
125,36	1055
125,38	2351
125,41	3127
125,43	1447
125,45	5622
125,47	3674
125,49	17495
125,50	38637
125,52	3510
125,54	19524
125,56	1408
125,58	2830
125,61	5419
125,63	49761
125,65	3266
125,67	2497
125,69	2649
125,70	5717
125,72	2281
125,74	50168
125,76	36430
125,78	15302
125,81	47953
125,83	1118
125,85	51164
125,87	3066
125,89	8622
125,90	7929
125,92	12387
125,94	4699
125,96	3490
125,98	8007
126,101	276003
126,103	6326
126,105	56540
126,107	29099
126,109	504064
126,110	110100
126,112	83939
126,114	403748
126,116	18563
126,118	495551
126,121	9617
126,123	139124
126,125	13066
126,127	639582
126,129	349813
126,130	8745
126,132	18800
126,134	6029
126,136	13404
126,138	146039
126,141	16530
126,143	6269
126,145	2800
126,147	4691
126,149	67869
126,150	15453
126,152	323561
126,154	655326
126,156	654569
126,158	17597
126,161	17691
126,163	32933
126,165	70333
126,169	22415
126,170	12512
126,174	92337
126,176	94430
126,178	538843
126,181	6769
126,183	49203
126,185	6692
126,187	216205
126,189	445545
126,190	38786
126,192	101301
126,196	2056
126,198	17014
126,200	26411
126,202	13243
126,204	3973
126,206	2109
126,208	40512
126,211	127122
126,213	181659
126,22	694135
126,24	39265
126,26	42210
126,28	121628
126,31	2819
126,33	16036
126,35	38959
126,37	10736
126,39	8998
126,40	5129
126,42	522177
126,44	115679
126,46	7245
126,48	28148
126,51	41936
126,53	8665
126,55	15446
126,57	14019
126,59	31024
126,60	647615
126,62	322722
126,64	335352
126,66	46675
126,68	7344
126,71	37000
126,73	1984
126,77	413982
126,79	163952
126,80	1199
126,82	8050
126,84	59098
126,86	58482
126,88	17367
126,91	311757
126,93	53587
126,95	427525
126,97	28603
126,99	3253
126,none	740676
127,100	45222
127,102	107484
127,104	3525542
127,106	51367
127,108	40220
127,111	63727
127,113	38352
127,115	32463
127,117	10152862
127,119	688733
127,120	127792
127,122	116387
127,124	6466886
127,126	639582
127,128	3634691
127,131	4844633
127,133	3534250
127,135	12728522
127,137	304177
127,139	305934
127,140	413728
127,142	115723
127,144	75645
127,146	1804410
127,148	73988
127,151	10373911
127,153	12733273
127,155	3361286
127,157	888848
127,159	292183
127,160	1223934
127,162	67870
127,164	737825
127,166	845458
127,168	271178
127,171	35754
127,173	132510
127,175	4881
127,177	4273574
127,179	2242668
127,180	2191144
127,182	136899
127,184	47966
127,186	56354
127,188	5451470
127,191	2895395
127,193	103387
127,195	4006
127,197	1044099
127,199	800537
127,201	826202
127,203	824964
127,205	8342
127,207	1305716
127,209	964910
127,210	951466
127,212	859410
127,214	484404
127,23	269112
127,25	29792
127,27	37805
127,29	49182
127,30	4453
127,32	46159
127,34	2503140
127,36	16774
127,38	41650
127,41	49064
127,43	28157
127,45	49796
127,47	185632
127,49	3656409
127,50	3388500
127,52	705894
127,54	2993018
127,56	557619
127,58	648147
127,61	244503
127,63	11455106
127,65	46470
127,67	163756
127,69	63725
127,70	255645
127,72	59787
127,74	11714323
127,76	6283364
127,78	664671
127,81	10150571
127,83	37582
127,85	12495054
127,87	14411
127,89	1751157
127,90	271473
127,92	298707
127,94	111209
127,96	75632
127,98	439637
128,101	1190913
128,103	9538
128,105	97942
128,107	34924
128,109	2898174
128,110	321409
128,112	272662
128,114	862655
128,116	20495
128,118	2857048
128,121	41864
128,123	438915
128,125	41769
128,127	3634691
128,129	1730912
128,130	13417
128,132	63088
128,134	57313
128,136	135182
128,138	886479
128,141	84022
128,143	51485
128,145	20555
128,147	31428
128,149	411330
128,150	68017
128,152	2085333
128,154	3888288
128,156	3650220
128,158	97038
128,161	47856
128,163	78138
128,165	278297
128,169	54758
128,170	57220
128,174	987338
128,176	505106
128,178	3313935
128,181	72312
128,183	373619
128,185	13378
128,187	1242051
128,189	2934326
128,190	287438
128,192	619992
128,196	24107
128,198	410090
128,200	239910
128,202	79524
128,204	28550
128,206	33045
128,208	711990
128,211	337344
128,213	205569
128,22	4073257
128,24	440942
128,26	166711
128,28	534577
128,31	16768
128,33	22970
128,35	46398
128,37	25867
128,39	32372
128,40	39859
128,42	3031545
128,44	307194
128,46	33065
128,48	57642
128,51	165915
128,53	70718
128,55	37436
128,57	36269
128,59	98118
128,60	4040948
128,62	1382211
128,64	1195387
128,66	124843
128,68	8647
128,71	49950
128,73	11623
128,77	2351613
128,79	2040661
128,80	12196
128,82	19595
128,84	331273
128,86	372235
128,88	87431
128,91	2068614
128,93	493622
128,95	1536923
128,97	65994
128,99	17132
128,none	4244633
129,100	22912
129,102	66097
129,104	1296725
129,106	29377
129,108	19620
129,111	36934
129,113	21749
129,115	21004
129,117	3058109
129,119	422215
129,120	80501
129,122	71990
129,124	2521004
129,126	349813
129,128	1730912
129,131	2844523
129,133	820915
129,135	3458641
129,137	68181
129,139	66071
129,140	186824
129,142	73705
129,144	33536
129,146	668351
129,148	23195
129,151	3302106
129,153	3457733
129,155	463718
129,157	484329
129,159	154611
129,160	516781
129,162	42955
129,164	400369
129,166	399524
129,168	121759
129,171	22247
129,173	7433
129,175	105
129,177	1101357
129,179	577245
129,180	432986
129,182	44625
129,184	14795
129,186	37148
129,188	1202293
129,191	1401570
129,193	69788
129,195	747
129,197	211016
129,199	396203
129,201	257107
129,203	123310
129,205	1120
129,207	144870
129,209	381097
129,210	336002
129,212	296819
129,214	50300
129,23	126567
129,25	12848
129,27	20235
129,29	20915
129,30	2565
129,32	26123
129,34	993293
129,36	7727
129,38	14923
129,41	20272
129,43	20610
129,45	26965
129,47	67892
129,49	1243236
129,50	920748
129,52	187646
129,54	1373602
129,56	149683
129,58	168689
129,61	112677
129,63	3382374
129,65	26531
129,67	72179
129,69	26690
129,70	97634
129,72	29912
129,74	3157493
129,76	2716065
129,78	211610
129,81	3012724
129,83	13672
129,85	3336668
129,87	6603
129,89	721127
129,90	146386
129,92	188206
129,94	47773
129,96	51614
129,98	209211
130,100	1362
130,102	4026
130,104	10233
130,106	1905
130,108	741
130,111	1901
130,113	2049
130,115	2320
130,117	15782
130,119	10330
130,120	2152
130,122	2235
130,124	15092
130,126	8745
130,128	13417
130,131	15887
130,133	7713
130,135	17133
130,137	2713
130,139	1235
130,140	2687
130,142	1478
130,144	379
130,146	4525
130,148	333
130,151	16010
130,153	17132
130,155	2336
130,157	2623
130,159	600
130,160	1781
130,162	1533
130,164	6165
130,166	5038
130,168	2409
130,171	1189
130,173	155
130,175	65
130,177	7046
130,179	6128
130,180	2068
130,182	458
130,184	1013
130,186	1958
130,188	8304
130,191	9984
130,193	1820
130,195	16
130,197	1740
130,199	1341
130,201	568
130,203	199
130,205	10
130,207	890
130,209	2026
130,210	1968
130,212	1831
130,214	422
130,23	2926
130,25	516
130,27	532
130,29	2187
130,30	592
130,32	71
130,34	7227
130,36	1222
130,38	2395
130,41	1839
130,43	1205
130,45	1501
130,47	1963
130,49	12142
130,50	9212
130,52	3488
130,54	14441
130,56	814
130,58	2919
130,61	1385
130,63	16557
130,65	1545
130,67	671
130,69	1976
130,70	1090
130,72	1075
130,74	16556
130,76	14885
130,78	2930
130,81	16557
130,83	610
130,85	16935
130,87	1340
130,89	5486
130,90	2782
130,92	8245
130,94	4266
130,96	1176
130,98	5679
131,101	1845110
131,103	12294
131,105	158521
131,107	51926
131,109	4903811
131,110	493997
131,112	591880
131,114	1354929
131,116	31716
131,118	4264721
131,121	63552
131,123	588988
131,125	34427
131,127	4844633
131,129	2844523
