100,101	2376
100,103	316
100,105	340
100,107	141
100,109	257
100,110	215
100,112	89
100,114	303
100,116	933
100,118	10412
100,121	2731
100,123	110
100,125	236
100,127	3364
100,129	8555
100,130	5248
100,132	237
100,134	7826
100,136	106
100,138	2730
100,141	3022
100,143	2983
100,145	2012
100,147	328
100,149	5105
100,150	10841
100,152	13735
100,154	559
100,156	10531
100,158	531
100,161	1411
100,163	5036
100,165	259
100,169	317
100,170	12216
100,174	453
100,176	59
100,178	80
100,181	293
100,183	556
100,185	360
100,187	1798
100,189	1951
100,190	21
100,192	302
100,22	9608
100,24	2842
100,26	15020
100,28	558
100,31	5907
100,33	1766
100,35	3300
100,37	1526
100,39	139
100,40	977
100,42	2428
100,44	1357
100,46	2447
100,48	1684
100,51	2375
100,53	1652
100,55	477
100,59	3760
100,60	4908
100,62	5647
100,64	1253
100,66	3641
100,68	358
100,71	1023
100,73	1026
100,77	1654
100,79	3821
100,80	638
100,82	111
100,84	171
100,86	1331
100,88	4296
100,91	2532
100,93	2201
100,95	181
100,97	2031
100,99	138
100,none	72233
101,100	2376
101,102	20610
101,104	67047
101,106	1049
101,108	2961
101,111	1740
101,113	1493
101,115	202
101,117	33920
101,119	14080
101,120	25808
101,122	146782
101,124	11713
101,126	154549
101,128	134476
101,131	52128
101,133	3554
101,135	9733
101,137	96127
101,139	52844
101,140	123265
101,142	8885
101,144	218058
101,146	223829
101,148	55188
101,151	10910
101,153	135830
101,155	30605
101,157	11893
101,159	46110
101,160	53067
101,162	57562
101,164	62978
101,166	5593
101,168	83074
101,171	118374
101,173	3485
101,175	805
101,177	170
101,179	173
101,180	28181
101,182	9223
101,184	1451
101,186	7377
101,188	3176
101,191	6462
101,193	7176
101,23	77587
101,25	16958
101,27	680
101,29	2098
101,30	205
101,32	698
101,34	5657
101,36	2853
101,38	719
101,41	41533
101,43	19650
101,45	11631
101,47	5805
101,49	47609
101,50	4065
101,52	11361
101,54	20102
101,56	14841
101,58	9908
101,61	25112
101,63	28006
101,65	1116
101,67	63902
101,69	6381
101,70	212743
101,72	5920
101,74	41408
101,76	21639
101,78	10572
101,81	18555
101,83	31074
101,85	11820
101,87	18122
101,89	94699
101,90	1840
101,92	28355
101,94	13371
101,96	203946
101,98	22012
102,101	20610
102,103	3945
102,105	4054
102,107	2049
102,109	2810
102,110	3010
102,112	1170
102,114	4445
102,116	13327
102,118	170047
102,121	68545
102,123	1082
102,125	2939
102,127	36554
102,129	151654
102,130	69722
102,132	3246
102,134	138165
102,136	913
102,138	47088
102,141	48910
102,143	57529
102,145	40324
102,147	3444
102,149	89341
102,150	183277
102,152	196657
102,154	3990
102,156	134654
102,158	8308
102,161	13571
102,163	54784
102,165	2153
102,169	2076
102,170	213573
102,174	7726
102,176	445
102,178	413
102,181	3624
102,183	8290
102,185	2337
102,187	6970
102,189	37138
102,190	189
102,192	4772
102,22	49488
102,24	44756
102,26	117854
102,28	8007
102,31	94017
102,33	25270
102,35	45432
102,37	12288
102,39	1757
102,40	12182
102,42	14468
102,44	14462
102,46	35231
102,48	23714
102,51	20997
102,53	30981
102,55	4289
102,59	62892
102,60	47245
102,62	52892
102,64	12695
102,66	63899
102,68	4610
102,71	13802
102,73	16956
102,77	24334
102,79	70202
102,80	8963
102,82	1000
102,84	2112
102,86	15088
102,88	92777
102,91	10256
102,93	35472
102,95	1917
102,97	25423
102,99	697
102,none	958072
103,100	316
103,102	3945
103,104	4338
103,106	158
103,108	362
103,111	227
103,113	195
103,115	24
103,117	1860
103,119	1197
103,120	4011
103,122	12494
103,124	814
103,126	13660
103,128	12597
103,131	7651
103,133	235
103,135	3744
103,137	18558
103,139	4878
103,140	9427
103,142	680
103,144	16445
103,146	17804
103,148	3766
103,151	1008
103,153	10281
103,155	3519
103,157	2006
103,159	3161
103,160	3660
103,162	4580
103,164	4476
103,166	1301
103,168	8206
103,171	7562
103,173	266
103,175	39
103,177	20
103,179	6
103,180	1611
103,182	458
103,184	133
103,186	467
103,188	888
103,191	1546
103,193	725
103,23	4058
103,25	1252
103,27	122
103,29	1846
103,30	39
103,32	127
103,34	1677
103,36	631
103,38	130
103,41	8542
103,43	4272
103,45	1442
103,47	898
103,49	3505
103,50	959
103,52	1217
103,54	4137
103,56	865
103,58	2117
103,61	7035
103,63	5130
103,65	142
103,67	3882
103,69	261
103,70	15109
103,72	468
103,74	5255
103,76	2519
103,78	991
103,81	1085
103,83	3092
103,85	1242
103,87	1668
103,89	9862
103,90	814
103,92	3128
103,94	436
103,96	11787
103,98	2699
104,101	67047
104,103	4338
104,105	3704
104,107	3397
104,109	4074
104,110	7274
104,112	1346
104,114	9816
104,116	25487
104,118	230006
104,121	78712
104,123	840
104,125	6201
104,127	42307
104,129	154099
104,130	70554
104,132	5824
104,134	265636
104,136	1344
104,138	55647
104,141	72789
104,143	93982
104,145	66519
104,147	7272
104,149	133407
104,150	309065
104,152	288340
104,154	6958
104,156	147244
104,158	15321
104,161	30781
104,163	116058
104,165	2760
104,169	4614
104,170	420235
104,174	15663
104,176	1093
104,178	1082
104,181	9650
104,183	18648
104,185	2964
104,187	19784
104,189	36001
104,190	319
104,192	4852
104,22	84549
104,24	86091
104,26	263466
104,28	9579
104,31	76866
104,33	15154
104,35	53771
104,37	17708
104,39	1659
104,40	14428
104,42	23805
104,44	17189
104,46	60697
104,48	49686
104,51	38393
104,53	18210
104,55	5871
104,59	84361
104,60	55770
104,62	92721
104,64	28410
104,66	134704
104,68	12106
104,71	39035
104,73	29688
104,77	45017
104,79	133175
104,80	22765
104,82	1994
104,84	2224
104,86	24159
104,88	141936
104,91	15376
104,93	79631
104,95	3567
104,97	63611
104,99	1038
104,none	1241649
105,100	340
105,102	4054
105,104	3704
105,106	162
105,108	360
105,111	187
105,113	195
105,115	21
105,117	1712
105,119	1178
105,120	4120
105,122	12181
105,124	848
105,126	13664
105,128	12305
105,131	7843
105,133	217
105,135	3735
105,137	20294
105,139	4715
105,140	8967
105,142	626
105,144	15931
105,146	17863
105,148	3532
105,151	1007
105,153	9764
105,155	3548
105,157	2129
105,159	2941
105,160	3348
105,162	4290
105,164	4314
105,166	1318
105,168	7876
105,171	6955
105,173	271
105,175	39
105,177	19
105,179	19
105,180	1401
105,182	350
105,184	124
105,186	465
105,188	922
105,191	1605
105,193	759
105,23	3900
105,25	1192
105,27	129
105,29	1861
105,30	39
105,32	127
105,34	1699
105,36	654
105,38	133
105,41	8712
105,43	4342
105,45	1435
105,47	1037
105,49	3261
105,50	1222
105,52	1343
105,54	4721
105,56	868
105,58	2314
105,61	7121
105,63	5287
105,65	133
105,67	3483
105,69	244
105,70	14551
105,72	447
105,74	5934
105,76	2621
105,78	892
105,81	1132
105,83	3152
105,85	1417
105,87	1650
105,89	10164
105,90	821
105,92	2796
105,94	439
105,96	11064
105,98	2681
106,101	1049
106,103	158
106,105	162
106,107	64460
106,109	64450
106,110	64452
106,112	149
106,114	64455
106,116	959
106,118	11751
106,121	3048
106,123	85
106,125	190
106,127	3736
106,129	12359
106,130	6157
106,132	225
106,134	12055
106,136	56
106,138	2619
106,141	5883
106,143	4515
106,145	2472
106,147	241
106,149	9989
106,150	20172
106,152	14900
106,154	119
106,156	9579
106,158	504
106,161	2131
106,163	5225
106,165	133
106,169	141
106,170	20219
106,174	1211
106,176	429
106,178	58
106,181	278
106,183	785
106,185	177
106,187	615
106,189	1972
106,190	44
106,192	652
106,22	3221
106,24	3286
106,26	8142
106,28	584
106,31	4425
106,33	519
106,35	2430
106,37	525
106,39	85
106,40	584
106,42	1169
106,44	1007
106,46	3329
106,48	1545
106,51	1160
106,53	800
106,55	348
106,59	3306
106,60	4774
106,62	5059
106,64	1090
106,66	5757
106,68	585
106,71	1370
106,73	1106
106,77	1984
106,79	6350
106,80	985
106,82	124
106,84	283
106,86	882
106,88	5609
106,91	673
106,93	2366
106,95	86
106,97	2337
106,99	53
106,none	66040
107,100	141
107,102	2049
107,104	3397
107,106	64460
107,108	64485
107,111	64500
107,113	64481
107,115	21
107,117	2472
107,119	5172
107,120	2396
107,122	11981
107,124	928
107,126	15415
107,128	13167
107,131	6231
107,133	434
107,135	1046
107,137	10594
107,139	5141
107,140	13082
107,142	635
107,144	22547
107,146	18849
107,148	11743
107,151	523
107,153	13000
107,155	2712
107,157	924
107,159	3092
107,160	3422
107,162	5786
107,164	4686
107,166	755
107,168	6797
107,171	10649
107,173	553
107,175	150
107,177	43
107,179	92
107,180	3118
107,182	639
107,184	194
107,186	429
107,188	411
107,191	601
107,193	480
107,23	3384
107,25	1286
107,27	50
107,29	400
107,30	15
107,32	81
107,34	652
107,36	354
107,38	81
107,41	5129
107,43	2605
107,45	1170
107,47	587
107,49	4373
107,50	344
107,52	1263
107,54	2228
107,56	1774
107,58	1308
107,61	3738
107,63	4010
107,65	177
107,67	6550
107,69	309
107,70	17598
107,72	459
107,74	2486
107,76	3120
107,78	796
107,81	737
107,83	4102
107,85	759
107,87	1381
107,89	7696
107,90	157
107,92	1235
107,94	361
107,96	13038
107,98	3049
108,101	2961
108,103	362
108,105	360
108,107	64485
108,109	64583
108,110	64812
108,112	340
108,114	64791
108,116	2324
108,118	22399
108,121	7848
108,123	155
108,125	375
108,127	6216
108,129	22138
108,130	10947
108,132	690
108,134	24710
108,136	124
108,138	6966
108,141	9295
108,143	10029
108,145	7121
108,147	583
108,149	17119
108,150	36619
108,152	29207
108,154	450
108,156	17843
108,158	1450
108,161	3195
108,163	9735
108,165	259
108,169	416
108,170	37166
108,174	1613
108,176	468
108,178	95
108,181	577
108,183	1456
108,185	356
108,187	1230
108,189	3964
108,190	55
108,192	941
108,22	7149
108,24	7127
108,26	18150
108,28	1406
108,31	10260
108,33	3371
108,35	11268
108,37	1459
108,39	260
108,40	1570
108,42	3222
108,44	2073
108,46	6418
108,48	3502
108,51	2787
108,53	2786
108,55	783
108,59	7627
108,60	8143
108,62	9430
108,64	2121
108,66	11650
108,68	1035
108,71	2500
108,73	2475
108,77	4993
108,79	12657
108,80	1797
108,82	222
108,84	249
108,86	2327
108,88	13403
108,91	1400
108,93	5010
108,95	234
108,97	5526
108,99	123
108,none	162999
109,100	257
109,102	2810
109,104	4074
109,106	64450
109,108	64583
109,111	64597
109,113	64508
109,115	42
109,117	4419
109,119	6192
109,120	3809
109,122	20545
109,124	1536
109,126	28752
109,128	25739
109,131	14930
109,133	666
109,135	1586
109,137	14514
109,139	8548
109,140	22095
109,142	1182
109,144	35327
109,146	32247
109,148	15409
109,151	969
109,153	20431
109,155	4014
109,157	1369
109,159	5169
109,160	6142
109,162	9305
109,164	7042
109,166	917
109,168	10045
109,171	18026
109,173	553
109,175	165
109,177	49
109,179	31
109,180	5358
109,182	1056
109,184	269
109,186	761
109,188	555
109,191	960
109,193	825
109,23	5842
109,25	3250
109,27	77
109,29	804
109,30	37
109,32	180
109,34	1078
109,36	505
109,38	174
109,41	9024
109,43	3270
109,45	2378
109,47	848
109,49	5642
109,50	546
109,52	1319
109,54	2907
109,56	1399
109,58	826
109,61	4683
109,63	5081
109,65	240
109,67	10666
109,69	464
109,70	28515
109,72	695
109,74	4087
109,76	3268
109,78	1263
109,81	1229
109,83	5113
109,85	1075
109,87	2436
109,89	12387
109,90	245
109,92	1896
109,94	736
109,96	20844
109,98	3463
110,100	215
110,102	3010
110,104	7274
110,106	64452
110,108	64812
110,111	64527
110,113	64505
110,115	39
110,117	3931
110,119	5548
110,120	3254
110,122	18263
110,124	1368
110,126	21977
110,128	18533
110,131	8592
110,133	461
110,135	1424
110,137	14085
110,139	7433
110,140	18203
110,142	994
110,144	32747
110,146	28013
110,148	13678
110,151	952
110,153	18313
110,155	3627
110,157	1353
110,159	4869
110,160	5172
110,162	7855
110,164	7293
110,166	1007
110,168	10128
110,171	15097
110,173	468
110,175	119
110,177	40
110,179	19
110,180	4736
110,182	854
110,184	230
110,186	760
110,188	519
110,191	851
110,193	761
110,23	6257
110,25	2624
110,27	71
110,29	493
110,30	40
110,32	118
110,34	870
110,36	410
110,38	114
110,41	6190
110,43	3928
110,45	1785
110,47	860
110,49	5341
110,50	668
110,52	3906
110,54	2904
110,56	1373
110,58	3280
110,61	4498
110,63	4915
110,65	211
110,67	9115
110,69	418
110,70	25897
110,72	819
110,74	4178
110,76	3209
110,78	1128
110,81	1218
110,83	4541
110,85	1366
110,87	2191
110,89	11373
110,90	242
110,92	2302
110,94	537
110,96	19403
110,98	5528
111,101	1740
111,103	227
111,105	187
111,107	64500
111,109	64597
111,110	64527
111,112	113
111,114	64533
111,116	1461
111,118	16808
111,121	4931
111,123	88
111,125	241
111,127	5284
111,129	15156
111,130	7133
111,132	369
111,134	17984
111,136	76
111,138	4029
111,141	7047
111,143	7684
111,145	4728
111,147	441
111,149	13254
111,150	27020
111,152	19869
111,154	170
111,156	11138
111,158	1035
111,161	3693
111,163	7338
111,165	177
111,169	214
111,170	26923
111,174	1309
111,176	439
111,178	109
111,181	567
111,183	1295
111,185	209
111,187	892
111,189	2687
111,190	21
111,192	719
111,22	4220
111,24	5495
111,26	12743
111,28	605
111,31	5609
111,33	647
111,35	3125
111,37	705
111,39	125
111,40	818
111,42	1767
111,44	1220
111,46	5087
111,48	2605
111,51	1723
111,53	970
111,55	495
111,59	5214
111,60	5193
111,62	7073
111,64	1613
111,66	9203
111,68	822
111,71	2129
111,73	1869
111,77	3690
111,79	10066
111,80	1470
111,82	179
111,84	167
111,86	1868
111,88	9484
111,91	966
111,93	3845
111,95	389
111,97	4637
111,99	62
111,none	80567
112,100	89
112,102	1170
112,104	1346
112,106	149
112,108	340
112,111	113
112,113	114
112,115	14
112,117	868
112,119	647
112,120	1740
112,122	6744
112,124	519
112,126	8422
112,128	6194
112,131	3736
112,133	339
112,135	555
112,137	8851
112,139	2229
112,140	5406
112,142	275
112,144	9708
112,146	12030
112,148	1760
112,151	318
112,153	4852
112,155	1428
112,157	767
112,159	1375
112,160	1517
112,162	2224
112,164	2045
112,166	474
112,168	3612
112,171	4286
112,173	382
112,175	40
112,177	10
112,179	128
112,180	1024
112,182	302
112,184	87
112,186	201
112,188	316
112,191	339
112,193	248
112,23	2217
112,25	496
112,27	53
112,29	335
112,30	19
112,32	85
112,34	555
112,36	278
112,38	85
112,41	3021
112,43	1704
112,45	747
112,47	439
112,49	1976
112,50	530
112,52	977
112,54	2250
112,56	678
112,58	1134
112,61	1735
112,63	1554
112,65	68
112,67	2496
112,69	138
112,70	8544
112,72	212
112,74	2720
112,76	2874
112,78	378
112,81	740
112,83	3619
112,85	827
112,87	768
112,89	4663
112,90	107
112,92	1015
112,94	166
112,96	6028
112,98	1055
113,101	1493
113,103	195
113,105	195
113,107	64481
113,109	64508
113,110	64505
113,112	114
113,114	64509
113,116	1496
113,118	14771
113,121	4387
113,123	105
113,125	235
113,127	5220
113,129	19852
113,130	12999
113,132	334
113,134	15541
113,136	57
113,138	3259
113,141	6936
113,143	5951
113,145	3283
113,147	329
113,149	12032
113,150	24577
113,152	18771
113,154	177
113,156	11871
113,158	701
113,161	2614
113,163	6780
113,165	191
113,169	189
113,170	24820
113,174	1205
113,176	456
113,178	75
113,181	409
113,183	972
113,185	208
113,187	834
113,189	2631
113,190	28
113,192	873
113,22	4040
113,24	4143
113,26	10541
113,28	638
113,31	5664
113,33	647
113,35	3121
113,37	690
113,39	104
113,40	744
113,42	1517
113,44	1208
113,46	4309
113,48	2074
113,51	1618
113,53	984
113,55	585
113,59	4479
113,60	5467
113,62	6136
113,64	1269
113,66	7458
113,68	721
113,71	1659
113,73	1515
113,77	2416
113,79	7691
113,80	1233
113,82	138
113,84	180
113,86	1372
113,88	7987
113,91	877
113,93	3068
113,95	133
113,97	2991
113,99	65
113,none	79803
114,100	303
114,102	4445
114,104	9816
114,106	64455
114,108	64791
114,111	64533
114,113	64509
114,115	53
114,117	8354
114,119	7583
114,120	7009
114,122	43831
114,124	2531
114,126	47170
114,128	38409
114,131	13960
114,133	1261
114,135	3008
114,137	24915
114,139	13222
114,140	39501
114,142	1958
114,144	70763
114,146	58270
114,148	19865
114,151	1481
114,153	43266
114,155	6603
114,157	2231
114,159	13071
114,160	15484
114,162	16670
114,164	17140
114,166	1424
114,168	25922
114,171	34523
114,173	869
114,175	170
114,177	68
114,179	16
114,180	7806
114,182	2551
114,184	938
114,186	4990
114,188	804
114,191	1525
114,193	1385
114,23	15871
114,25	3864
114,27	77
114,29	813
114,30	40
114,32	287
114,34	1398
114,36	694
114,38	286
114,41	11711
114,43	5287
114,45	2531
114,47	1073
114,49	12394
114,50	569
114,52	1807
114,54	4412
114,56	3137
114,58	1522
114,61	6533
114,63	7443
114,65	379
114,67	19467
114,69	911
114,70	62783
114,72	1425
114,74	5310
114,76	6319
114,78	1825
114,81	1914
114,83	8449
114,85	1747
114,87	7681
114,89	24633
114,90	308
114,92	4636
114,94	1058
114,96	53437
114,98	6780
115,101	202
115,103	24
115,105	21
115,107	21
115,109	42
115,110	39
115,112	14
115,114	53
115,116	273
115,118	1347
115,121	501
115,123	5
115,125	26
115,127	396
115,129	1132
115,130	527
115,132	37
115,134	1793
115,136	31
115,138	400
115,141	637
115,143	1004
115,145	521
115,147	76
115,149	1163
115,150	2071
115,152	1843
115,154	35
115,156	869
115,158	68
115,161	158
115,163	704
115,165	26
115,169	16
115,170	2375
115,174	202
115,176	3
115,178	30
115,181	55
115,183	166
115,185	24
115,187	174
115,189	291
115,190	20
115,192	38
115,22	413
115,24	578
115,26	1166
115,28	99
115,31	1554
115,33	81
115,35	289
115,37	95
115,39	29
115,40	371
115,42	181
115,44	245
115,46	578
115,48	291
115,51	275
115,53	121
115,55	45
115,59	547
115,60	304
115,62	580
115,64	153
115,66	1154
115,68	42
115,71	168
115,73	184
115,77	391
115,79	1150
115,80	241
115,82	58
115,84	22
115,86	165
115,88	1064
115,91	94
115,93	418
115,95	21
115,97	602
115,99	6
115,none	6842
116,100	933
116,102	13327
116,104	25487
116,106	959
116,108	2324
116,111	1461
116,113	1496
116,115	273
116,117	35163
116,119	11272
116,120	27084
116,122	161931
116,124	7621
116,126	240003
116,128	142711
116,131	59298
116,133	6763
116,135	7840
116,137	69276
116,139	51319
116,140	143887
116,142	7561
116,144	219076
116,146	207108
116,148	50949
116,151	8448
116,153	138357
116,155	19882
116,157	7095
116,159	55280
116,160	59001
116,162	52637
116,164	50921
116,166	4607
116,168	63389
116,171	115351
116,173	4421
116,175	792
116,177	271
116,179	746
116,180	37544
116,182	9290
116,184	2025
116,186	5738
116,188	2396
116,191	5030
116,193	6039
116,23	49268
116,25	11661
116,27	349
116,29	1802
116,30	108
116,32	528
116,34	4507
116,36	1749
116,38	472
116,41	28901
116,43	14403
116,45	11162
116,47	5684
116,49	43498
116,50	3123
116,52	9969
116,54	16189
116,56	9941
116,58	5170
116,61	15284
116,63	17433
116,65	1085
116,67	64811
116,69	3560
116,70	232817
116,72	133750
116,74	25800
116,76	13737
116,78	9638
116,81	8222
116,83	26139
116,85	6506
116,87	18285
116,89	78082
116,90	1123
116,92	10597
116,94	4515
116,96	157857
116,98	23838
117,101	33920
117,103	1860
117,105	1712
117,107	2472
117,109	4419
117,110	3931
117,112	868
117,114	8354
117,116	35163
117,118	262152
117,121	127796
117,123	914
117,125	3903
117,127	49946
117,129	178864
117,130	77223
117,132	6247
117,134	416146
117,136	550
117,138	155934
117,141	115320
117,143	211787
117,145	148612
117,147	13375
117,149	223124
117,150	522789
117,152	338728
117,154	4173
117,156	132612
117,158	19388
117,161	29600
117,163	136123
117,165	1880
117,169	3017
117,170	519923
117,174	24076
117,176	1052
117,178	749
117,181	6954
117,183	20472
117,185	1792
117,187	33818
117,189	36561
117,190	187
117,192	5804
117,22	66215
117,24	107480
117,26	248732
117,28	8974
117,31	85772
117,33	9710
117,35	64385
117,37	10620
117,39	1746
117,40	11201
117,42	34878
117,44	14804
117,46	100357
117,48	48594
117,51	33821
117,53	14862
117,55	5556
117,59	105216
117,60	41988
117,62	102514
117,64	25880
117,66	233098
117,68	12139
117,71	39674
117,73	34920
117,77	63778
117,79	211673
117,80	35956
117,82	2850
117,84	2683
117,86	44003
117,88	222266
117,91	12563
117,93	67082
117,95	3178
117,97	111399
117,99	849
117,none	1168380
118,100	10412
118,102	170047
118,104	230006
118,106	11751
118,108	22399
118,111	16808
118,113	14771
118,115	1347
118,117	262152
118,119	184383
118,120	230273
118,122	1371609
118,124	112546
118,126	1403821
118,128	1133311
118,131	474058
118,133	29408
118,135	72369
118,137	859306
118,139	531975
118,140	1291560
118,142	65874
118,144	2212557
118,146	2076736
118,148	475958
118,151	58100
118,153	1119836
118,155	227873
118,157	86549
118,159	355777
118,160	386497
118,162	415483
118,164	420943
118,166	48119
118,168	659361
118,171	1099499
118,173	25226
118,175	5890
118,177	1345
118,179	358
118,180	244688
118,182	56519
118,184	15187
118,186	45678
118,188	26724
118,191	89703
118,193	79626
118,23	465955
118,25	117391
118,27	3822
118,29	18676
118,30	1042
118,32	6377
118,34	44148
118,36	19828
118,38	6429
118,41	358451
118,43	154882
118,45	89507
118,47	40417
118,49	320918
118,50	25325
118,52	59623
118,54	163437
118,56	78002
118,58	58592
118,61	185725
118,63	205097
118,65	10268
118,67	574061
118,69	25039
118,70	1948266
118,72	58720
118,74	266484
118,76	199680
118,78	81305
118,81	87936
118,83	264049
118,85	76869
118,87	182727
118,89	894329
118,90	10797
118,92	135191
118,94	36775
118,96	1391060
118,98	158238
119,101	14080
119,103	1197
119,105	1178
119,107	5172
119,109	6192
119,110	5548
119,112	647
119,114	7583
119,116	11272
119,118	184383
119,121	46137
119,123	724
119,125	1823
119,127	41214
119,129	146830
119,130	61713
119,132	3887
119,134	189686
119,136	526
119,138	46466
119,141	105179
119,143	86392
119,145	54219
119,147	4474
119,149	167376
119,150	355505
119,152	183718
119,154	1692
119,156	109182
119,158	9034
119,161	17950
119,163	65121
119,165	1130
119,169	1944
119,170	287335
119,174	9686
119,176	566
119,178	380
119,181	7414
119,183	9602
119,185	1215
119,187	13478
119,189	24335
119,190	126
119,192	7636
119,22	39925
119,24	50939
119,26	113686
119,28	5332
119,31	55335
119,33	5124
119,35	34142
119,37	5474
119,39	957
119,40	6539
119,42	17841
119,44	10364
119,46	48676
119,48	21561
119,51	14355
119,53	8061
119,55	4738
119,59	41069
119,60	29957
119,62	37542
119,64	11115
119,66	87098
119,68	5118
119,71	15577
119,73	15616
119,77	25158
119,79	83159
119,80	11891
119,82	989
119,84	1000
119,86	11265
119,88	93374
119,91	7200
119,93	30133
119,95	1581
119,97	38918
119,99	488
119,none	631614
120,101	25808
120,103	4011
120,105	4120
120,107	2396
120,109	3809
120,110	3254
120,112	1740
120,114	7009
120,116	27084
120,118	230273
120,121	159312
120,123	1262
120,125	3978
120,127	47380
120,129	206700
120,130	100750
120,132	3929
120,134	239947
120,136	967
120,138	59108
120,141	78740
120,143	86662
120,145	56692
120,147	6637
120,149	135908
120,150	292476
120,152	306254
120,154	4633
120,156	212317
120,158	11264
120,161	19604
120,163	76638
120,165	2407
120,169	2680
120,170	325364
120,174	11045
120,176	790
120,178	528
120,181	5763
120,183	11824
120,185	3437
120,187	10634
120,189	38856
120,190	140
120,192	7646
120,22	76232
120,24	76527
120,26	186816
120,28	28968
120,31	141446
120,33	32271
120,35	1530566
120,37	26487
120,39	2429
120,40	15710
120,42	34483
120,44	26315
120,46	50646
120,48	34497
120,51	26374
120,53	27291
120,55	6214
120,59	74202
120,60	68858
120,62	110340
120,64	22628
120,66	96896
120,68	6903
120,71	20590
120,73	20036
120,77	38803
120,79	104534
120,80	17994
120,82	1644
120,84	2743
120,86	69197
120,88	156987
120,91	13895
120,93	54592
120,95	1925
120,97	43138
120,99	862
120,none	1684059
121,100	2731
121,102	68545
121,104	78712
121,106	3048
121,108	7848
121,111	4931
121,113	4387
121,115	501
121,117	127796
121,119	46137
121,120	159312
121,122	1380500
121,124	267491
121,126	632820
121,128	578318
121,131	157447
121,133	11755
121,135	29804
121,137	245675
121,139	155442
121,140	444512
121,142	26082
121,144	771289
121,146	674475
121,148	154928
121,151	19669
121,153	449376
121,155	73825
121,157	23432
121,159	203021
121,160	228935
121,162	166461
121,164	173888
121,166	11594
121,168	265453
121,171	422222
121,173	10049
121,175	2170
121,177	814
121,179	124
121,180	88190
121,182	31276
121,184	5470
121,186	25181
121,188	7958
121,191	35485
121,193	13625
121,23	199011
121,25	55893
121,27	1252
121,29	6214
121,30	324
121,32	2218
121,34	17128
121,36	6141
121,38	2134
121,41	132144
121,43	60435
121,45	37482
121,47	14078
121,49	157124
121,50	9147
121,52	27648
121,54	53911
121,56	33112
121,58	16906
121,61	59362
121,63	64932
121,65	3649
121,67	248202
121,69	11668
121,70	681852
121,72	18141
121,74	75751
121,76	62053
121,78	36045
121,81	23194
121,83	91214
121,85	24454
121,87	89239
121,89	347451
121,90	2690
121,92	34894
121,94	17592
121,96	536019
121,98	74859
122,101	146782
122,103	12494
122,105	12181
122,107	11981
122,109	20545
122,110	18263
122,112	6744
122,114	43831
122,116	161931
122,118	1371609
122,121	1380500
122,123	5478
122,125	22924
122,127	255147
122,129	996865
122,130	423664
122,132	21603
122,134	1630285
122,136	3474
122,138	296620
122,141	383726
122,143	587983
122,145	467243
122,147	43485
122,149	762416
122,150	1896946
122,152	1632112
122,154	14382
122,156	783628
122,158	97917
122,161	151269
122,163	633171
122,165	9064
122,169	15100
122,170	2243204
122,174	81211
122,176	2701
122,178	3851
122,181	37121
122,183	87643
122,185	11597
122,187	89982
122,189	191244
122,190	1104
122,192	32936
122,22	292280
122,24	450480
122,26	1146471
122,28	60745
122,31	395213
122,33	57168
122,35	516757
122,37	65064
122,39	9402
122,40	69608
122,42	139391
122,44	85086
122,46	302662
122,48	220681
122,51	136436
122,53	83562
122,55	26920
122,59	513579
122,60	252248
122,62	449730
122,64	108084
122,66	762705
122,68	65117
122,71	177200
122,73	160952
122,77	268184
122,79	795130
122,80	104491
122,82	8943
122,84	8753
122,86	201495
122,88	1030056
122,91	62906
122,93	309232
122,95	21436
122,97	335389
122,99	3445
122,none	8356200
123,100	110
123,102	1082
123,104	840
123,106	85
123,108	155
123,111	88
123,113	105
123,115	5
123,117	914
123,119	724
123,120	1262
123,122	5478
123,124	33158
123,126	7692
123,128	8003
123,131	4805
123,133	112
123,135	297
123,137	6096
123,139	1682
123,140	4118
123,142	261
123,144	7463
123,146	8250
123,148	1631
123,151	274
123,153	3843
123,155	931
123,157	471
123,159	1417
123,160	1539
123,162	1687
123,164	1413
123,166	251
123,168	2634
123,171	3580
123,173	95
123,175	13
123,177	5
123,179	5
123,180	655
123,182	176
123,184	53
123,186	175
123,188	181
123,191	343
123,193	243
123,23	1662
123,25	419
123,27	37
123,29	146
123,30	17
123,32	47
123,34	301
123,36	200
123,38	45
123,41	2136
123,43	990
123,45	388
123,47	170
123,49	1154
123,50	184
123,52	384
123,54	1062
123,56	337
123,58	392
123,61	1077
123,63	1171
123,65	83
123,67	1715
123,69	94
123,70	6345
123,72	151
123,74	1567
123,76	1226
123,78	245
123,81	457
123,83	1491
123,85	376
123,87	654
123,89	3343
123,90	115
123,92	627
123,94	196
123,96	4646
123,98	659
124,101	11713
124,103	814
124,105	848
124,107	928
124,109	1536
124,110	1368
124,112	519
124,114	2531
124,116	7621
124,118	112546
124,121	267491
124,123	33158
124,125	33980
124,127	35398
124,129	82962
124,130	33355
124,132	1689
124,134	116561
124,136	287
124,138	31749
124,141	25336
124,143	62813
124,145	46904
124,147	2646
124,149	69691
124,150	173439
124,152	129272
124,154	1190
124,156	58084
124,158	7867
124,161	35422
124,163	89063
124,165	825
124,169	1637
124,170	164246
124,174	6033
124,176	199
124,178	297
124,181	2254
124,183	7002
124,185	831
124,187	6771
124,189	16071
124,190	130
124,192	2839
124,22	23776
124,24	41250
124,26	97122
124,28	3478
124,31	27733
124,33	5537
124,35	18399
124,37	4119
124,39	678
124,40	5004
124,42	8555
124,44	5666
124,46	26360
124,48	15895
124,51	11970
124,53	6794
124,55	2071
124,59	71935
124,60	18045
124,62	53114
124,64	7644
124,66	66681
124,68	3399
124,71	15837
124,73	14985
124,77	21125
124,79	76753
124,80	9141
124,82	512
124,84	572
124,86	26559
124,88	83114
124,91	4391
124,93	24513
124,95	4858
124,97	38133
124,99	360
124,none	616032
125,100	236
125,102	2939
125,104	6201
125,106	190
125,108	375
125,111	241
125,113	235
125,115	26
125,117	3903
125,119	1823
125,120	3978
125,122	22924
125,124	33980
125,126	25994
125,128	22025
125,131	10173
125,133	702
125,135	1551
125,137	17241
125,139	6993
125,140	19211
125,142	961
125,144	34841
125,146	31380
125,148	6119
125,151	925
125,153	19246
125,155	3095
125,157	1528
125,159	6267
125,160	6526
125,162	8319
125,164	8376
125,166	962
125,168	11697
125,171	14346
125,173	478
125,175	77
125,177	40
125,179	26
125,180	3249
125,182	1256
125,184	553
125,186	788
125,188	760
125,191	896
125,193	935
125,23	7291
125,25	1794
125,27	83
125,29	542
125,30	29
125,32	175
125,34	835
125,36	465
125,38	174
125,41	6889
125,43	3322
125,45	1565
125,47	680
125,49	5561
125,50	416
125,52	1076
125,54	2944
125,56	1434
125,58	1070
125,61	3560
125,63	3504
125,65	223
125,67	9755
125,69	545
125,70	30226
125,72	693
125,74	3945
125,76	2899
125,78	1380
125,81	1104
125,83	4236
125,85	974
125,87	3439
125,89	12771
125,90	275
125,92	1909
125,94	561
125,96	23749
125,98	3377
126,101	154549
126,103	13660
126,105	13664
126,107	15415
126,109	28752
126,110	21977
126,112	8422
126,114	47170
126,116	240003
126,118	1403821
126,121	632820
126,123	7692
126,125	25994
126,127	570033
126,129	4349572
126,130	3919051
126,132	25018
126,134	1989382
126,136	3945
126,138	335788
126,141	564781
126,143	882060
126,145	558144
126,147	45293
126,149	1041703
126,150	2395771
126,152	1921103
126,154	14538
126,156	939046
126,158	103192
126,161	210854
126,163	654212
126,165	11599
126,169	16738
126,170	2621119
126,174	91958
126,176	3883
126,178	4167
126,181	33064
126,183	89642
126,185	14082
126,187	105275
126,189	220368
126,190	1139
126,192	59991
126,22	385647
126,24	548241
126,26	1335425
126,28	50406
126,31	467967
126,33	65694
126,35	296945
126,37	81132
126,39	10376
126,40	67295
126,42	133345
126,44	88313
126,46	480311
126,48	228032
126,51	149953
126,53	86121
126,55	54897
126,59	464112
126,60	314513
126,62	569064
126,64	122374
126,66	1046551
126,68	59370
126,71	183000
126,73	168849
126,77	285937
126,79	895578
126,80	115066
126,82	9017
126,84	10591
126,86	158827
126,88	1040409
126,91	69247
126,93	334695
126,95	24154
126,97	416655
126,99	4537
126,none	8565254
127,100	3364
127,102	36554
127,104	42307
127,106	3736
127,108	6216
127,111	5284
127,113	5220
127,115	396
127,117	49946
127,119	41214
127,120	47380
127,122	255147
127,124	35398
127,126	570033
127,128	331810
127,131	1135450
127,133	6750
127,135	15697
127,137	225607
127,139	104708
127,140	268486
127,142	14955
127,144	441645
127,146	464489
127,148	106460
127,151	15018
127,153	236982
127,155	65975
127,157	23225
127,159	73449
127,160	75771
127,162	104318
127,164	94036
127,166	12955
127,168	141464
127,171	214318
127,173	7217
127,175	1208
127,177	357
127,179	247
127,180	55012
127,182	15595
127,184	2551
127,186	8677
127,188	5585
127,191	22006
127,193	11921
127,23	83232
127,25	24315
127,27	1117
127,29	5319
127,30	296
127,32	1576
127,34	10586
127,36	5493
127,38	1613
127,41	84350
127,43	36309
127,45	19704
127,47	9918
127,49	61061
127,50	9102
127,52	17211
127,54	55474
127,56	16483
127,58	16200
127,61	47008
127,63	60863
127,65	2858
127,67	127127
127,69	5061
127,70	375917
127,72	22628
127,74	72769
127,76	53053
127,78	14095
127,81	17456
127,83	70919
127,85	20390
127,87	44716
127,89	186866
127,90	5962
127,92	28627
127,94	9929
127,96	260650
127,98	40138
128,101	134476
128,103	12597
128,105	12305
128,107	13167
128,109	25739
128,110	18533
128,112	6194
128,114	38409
128,116	142711
128,118	1133311
128,121	578318
128,123	8003
128,125	22025
128,127	331810
128,129	1231849
128,130	741781
128,132	22566
128,134	1676370
128,136	3419
128,138	291220
128,141	455658
128,143	719684
128,145	440227
128,147	37445
128,149	905677
128,150	1943055
128,152	1544903
128,154	13143
128,156	750733
128,158	82145
128,161	169763
128,163	551348
128,165	9662
128,169	15041
128,170	2189742
128,174	88897
128,176	4970
128,178	3800
128,181	31496
128,183	87949
128,185	13115
128,187	88325
128,189	175604
128,190	1087
128,192	36899
128,22	341133
128,24	430301
128,26	1159411
128,28	42448
128,31	406005
128,33	58305
128,35	254547
128,37	60353
128,39	9928
128,40	61057
128,42	116531
128,44	80149
128,46	427405
128,48	200247
128,51	135090
128,53	67018
128,55	34561
128,59	405402
128,60	234566
128,62	428823
128,64	102438
128,66	877585
128,68	53240
128,71	156028
128,73	144633
128,77	258442
128,79	784039
128,80	110778
128,82	9492
128,84	8910
128,86	139730
128,88	874946
128,91	69458
128,93	298528
128,95	18489
128,97	355843
128,99	4073
128,none	6480896
129,100	8555
129,102	151654
129,104	154099
129,106	12359
129,108	22138
129,111	15156
129,113	19852
129,115	1132
129,117	178864
129,119	146830
129,120	206700
129,122	996865
129,124	82962
129,126	4349572
129,128	1231849
129,131	1817246
129,133	22640
129,135	80662
129,137	949617
129,139	343338
129,140	926056
129,142	51455
129,144	1650935
129,146	1665155
129,148	336856
129,151	40142
129,153	808322
129,155	181693
129,157	74241
129,159	295011
129,160	325227
129,162	346353
129,164	307361
129,166	49037
129,168	524438
129,171	727609
129,173	21081
129,175	3889
129,177	1235
129,179	468
129,180	147380
129,182	42354
129,184	11569
129,186	29762
129,188	41611
129,191	53758
129,193	36764
129,23	293773
129,25	89648
129,27	3746
129,29	29195
129,30	1130
129,32	8473
129,34	57755
129,36	22875
129,38	8501
129,41	431275
129,43	194096
129,45	81977
129,47	34932
129,49	272336
129,50	25408
129,52	49477
129,54	199790
129,56	60859
129,58	64497
129,61	224852
129,63	231651
129,65	10471
129,67	387528
129,69	17137
129,70	1384572
129,72	37570
129,74	210307
129,76	218116
129,78	52009
129,81	68333
129,83	282818
129,85	68121
129,87	123767
129,89	705705
129,90	11669
129,92	95457
129,94	45430
129,96	918969
129,98	138264
130,100	5248
130,102	69722
130,104	70554
130,106	6157
130,108	10947
130,111	7133
130,113	12999
130,115	527
130,117	77223
130,119	61713
130,120	100750
130,122	423664
130,124	33355
130,126	3919051
130,128	741781
130,131	778254
130,133	9634
130,135	50611
130,137	480170
130,139	164724
130,140	414826
130,142	20418
130,144	734787
130,146	812852
130,148	145124
130,151	22077
130,153	340248
130,155	86764
130,157	43725
130,159	89330
130,160	100207
130,162	172857
130,164	128993
130,166	30030
130,168	233134
130,171	300045
130,173	8628
130,175	1514
130,177	438
130,179	187
130,180	58770
130,182	13883
130,184	5036
130,186	10782
130,188	24408
130,191	26114
130,193	21553
130,23	130486
130,25	36483
130,27	2380
130,29	13887
130,30	625
130,32	3449
130,34	27008
130,36	12135
130,38	3533
130,41	204423
130,43	105087
130,45	41890
130,47	18750
130,49	124406
130,50	14529
130,52	26685
130,54	117166
130,56	27345
130,58	39235
130,61	131180
130,63	131422
130,65	5211
130,67	161003
130,69	7066
130,70	640975
130,72	12785
130,74	135977
130,76	99993
130,78	23702
130,81	32578
130,83	137654
130,85	37160
130,87	48310
130,89	312514
130,90	7545
130,92	52881
130,94	32423
130,96	385537
130,98	61255
131,101	52128
131,103	7651
131,105	7843
131,107	6231
131,109	14930
131,110	8592
131,112	3736
131,114	13960
131,116	59298
131,118	474058
131,121	157447
131,123	4805
131,125	10173
131,127	1135450
131,129	1817246
131,130	778254
131,132	10221
131,134	588996
131,136	1812
131,138	118665
131,141	177876
131,143	242868
131,145	140011
131,147	11992
131,149	342347
131,150	706821
131,152	660278
131,154	6850
131,156	408087
131,158	23763
131,161	68240
131,163	207066
131,165	5820
131,169	6304
131,170	789480
131,174	31553
131,176	2941
131,178	1408
131,181	10617
131,183	33902
131,185	6308
131,187	31576
131,189	84638
131,190	470
131,192	63711
131,22	141743
131,24	176093
131,26	400298
131,28	20857
131,31	183809
131,33	32036
131,35	107203
131,37	30581
131,39	4113
131,40	24554
131,42	41473
131,44	35587
131,46	166915
131,48	73119
131,51	57070
131,53	35914
131,55	25850
131,59	144800
131,60	129753
131,62	191015
131,64	41046
131,66	332346
131,68	18983
131,71	59294
131,73	52934
131,77	87322
131,79	254780
131,80	45133
131,82	4413
131,84	3734
131,86	47720
131,88	292171
131,91	31108
131,93	109782
131,95	8284
131,97	126831
131,99	2152
131,none	3577391
132,100	237
132,102	3246
132,104	5824
132,106	225
132,108	690
132,111	369
132,113	334
132,115	37
132,117	6247
132,119	3887
132,120	3929
132,122	21603
132,124	1689
132,126	25018
132,128	22566
132,131	10221
132,133	908
132,135	36386
132,137	18803
132,139	13799
132,140	29366
132,142	1493
132,144	41485
132,146	39842
132,148	10017
132,151	2062
132,153	30497
132,155	5384
132,157	2393
132,159	7437
132,160	9258
132,162	9804
132,164	12078
132,166	975
132,168	14209
132,171	23273
132,173	804
132,175	199
132,177	38
132,179	15
132,180	6534
132,182	1527
132,184	290
132,186	1019
132,188	495
132,191	1094
132,193	1308
132,23	8035
132,25	2307
132,27	95
132,29	428
132,30	26
132,32	108
132,34	975
132,36	2270
132,38	110
132,41	7980
132,43	6641
132,45	2274
132,47	1029
132,49	7485
132,50	1199
132,52	2032
132,54	3996
132,56	2167
132,58	1265
132,61	4857
132,63	4455
132,65	243
132,67	12374
132,69	948
132,70	40797
132,72	857
132,74	7427
132,76	3332
132,78	2240
132,81	2237
132,83	5231
132,85	2087
132,87	3533
132,89	17406
132,90	409
132,92	2516
132,94	1312
132,96	29900
132,98	4017
133,101	3554
133,103	235
133,105	217
133,107	434
133,109	666
133,110	461
133,112	339
133,114	1261
133,116	6763
133,118	29408
133,121	11755
133,123	112
133,125	702
133,127	6750
133,129	22640
133,130	9634
133,132	908
133,134	70897
133,136	184
133,138	9733
133,141	24368
133,143	41140
133,145	14617
133,147	1158
133,149	35765
133,150	60753
133,152	44025
133,154	257
133,156	19086
133,158	2424
133,161	3505
133,163	16834
133,165	230
133,169	441
133,170	71766
133,174	5062
133,176	92
133,178	235
133,181	1059
133,183	4375
133,185	254
133,187	1935
133,189	4941
133,190	102
133,192	708
133,22	8635
133,24	13430
133,26	30736
133,28	1285
133,31	10947
133,33	1061
133,35	6477
133,37	1461
133,39	308
133,40	1535
133,42	4535
133,44	2858
133,46	13744
133,48	8058
133,51	4895
133,53	1898
133,55	856
133,59	11627
133,60	5103
133,62	10972
133,64	7605
133,66	27302
133,68	6713
133,71	3874
133,73	5124
133,77	10527
133,79	28802
133,80	5613
133,82	542
133,84	710
133,86	5191
133,88	29340
133,91	2062
133,93	8046
133,95	362
133,97	15524
133,99	75
133,none	119650
134,100	7826
134,102	138165
134,104	265636
134,106	12055
134,108	24710
134,111	17984
134,113	15541
134,115	1793
134,117	416146
134,119	189686
134,120	239947
134,122	1630285
134,124	116561
134,126	1989382
134,128	1676370
134,131	588996
134,133	70897
134,135	115297
134,137	727647
134,139	645690
134,140	2104455
134,142	118190
134,144	3293748
134,146	3187984
134,148	696634
134,151	66491
134,153	1846925
134,155	283653
134,157	68663
134,159	525587
134,160	613446
134,162	553797
134,164	561422
134,166	35869
134,168	872531
134,171	1561923
134,173	40478
134,175	8012
134,177	2478
134,179	1582
134,180	358104
134,182	95231
134,184	23341
134,186	66372
134,188	24118
134,191	50713
134,193	52377
134,23	561314
134,25	172226
134,27	3830
134,29	19392
134,30	805
134,32	7201
134,34	48463
134,36	17882
134,38	7064
134,41	378679
134,43	169149
134,45	118029
134,47	40405
134,49	526584
134,50	21005
134,52	77251
134,54	157902
134,56	118236
134,58	46663
134,61	187570
134,63	191582
134,65	11802
134,67	867692
134,69	39394
134,70	2756467
134,72	75440
134,74	222730
134,76	209618
134,78	153968
134,81	81347
134,83	322913
134,85	65454
134,87	267822
134,89	1111371
134,90	8002
134,92	108947
134,94	57928
134,96	1914367
134,98	245887
135,101	9733
135,103	3744
135,105	3735
135,107	1046
135,109	1586
135,110	1424
135,112	555
135,114	3008
135,116	7840
135,118	72369
135,121	29804
135,123	297
135,125	1551
135,127	15697
135,129	80662
135,130	50611
135,132	36386
135,134	115297
135,136	34926
135,138	22661
135,141	29450
135,143	51956
135,145	25079
135,147	2429
135,149	63254
135,150	135983
135,152	108066
135,154	3054
135,156	48407
135,158	3895
135,161	9330
135,163	39388
135,165	834
135,169	1186
135,170	153976
135,174	6816
135,176	245
135,178	243
135,181	1950
135,183	6163
135,185	793
135,187	7877
135,189	12663
135,190	98
135,192	2058
135,22	21454
135,24	29326
135,26	74470
135,28	7708
135,31	51100
135,33	3157
135,35	19366
135,37	4709
135,39	1748
135,40	4822
135,42	7940
135,44	4752
135,46	41482
135,48	14863
135,51	11550
135,53	9227
135,55	1961
135,59	36220
135,60	24689
135,62	37180
135,64	7384
135,66	57126
135,68	2945
135,71	9750
135,73	12234
135,77	16288
135,79	51233
135,80	8333
135,82	593
135,84	1602
135,86	11318
135,88	66093
135,91	3835
135,93	23622
135,95	749
135,97	26441
135,99	452
135,none	1002517
136,100	106
136,102	913
136,104	1344
136,106	56
136,108	124
136,111	76
136,113	57
136,115	31
136,117	550
136,119	526
136,120	967
136,122	3474
136,124	287
136,126	3945
136,128	3419
136,131	1812
136,133	184
136,135	34926
136,137	8327
136,139	2417
136,140	2784
136,142	193
136,144	4716
136,146	5939
136,148	1048
136,151	559
136,153	4236
136,155	2048
136,157	1374
136,159	974
136,160	814
136,162	1345
136,164	1660
136,166	285
136,168	2689
136,171	2270
136,173	209
136,175	28
136,177	7
136,179	45
136,180	594
136,182	217
136,184	90
136,186	183
136,188	361
136,191	349
136,193	300
136,23	1081
136,25	406
136,27	37
136,29	155
136,30	4
136,32	22
136,34	428
136,36	143
136,38	25
